Diferencia[[2.87975868e-05 3.67188154e-05 4.10194341e-05 1.03374471e-04
  3.20446628e-06 5.27993685e-05 4.67818934e-06 1.75942797e-05
  1.01300949e-04 5.06984567e-07 7.60308110e-05 9.54047238e-06
  2.09916413e-05 2.89338568e-05 8.98813683e-06 7.14149145e-05
  8.35766924e-05 1.44547347e-05 1.94390389e-05 3.12311249e-05
  1.76607307e-05 1.46608890e-06 2.61142634e-05 8.71849344e-07
  1.58709774e-05 3.72808986e-06 3.53268437e-05 4.83462725e-05
  7.28830877e-05 3.35237623e-05 1.38527967e-04 6.87625153e-05
  3.70228438e-05 6.40267884e-05 1.63916718e-05 2.59343106e-05
  1.20936172e-04 3.16726191e-06 1.66993142e-05 6.01771068e-06
  6.86799083e-06 4.05370841e-05 1.05797079e-04 4.59466820e-05
  3.00812719e-05 7.26292136e-05 7.01888467e-05 2.92190182e-06
  5.68881819e-05 4.56457644e-06 1.85705695e-05 1.04265087e-04
  1.41354359e-06 1.01479039e-04 4.21899808e-05 3.99062965e-05
  1.52131792e-05 6.52165694e-05 3.23778468e-04 9.83759513e-06
  4.80112475e-05 3.49432470e-05 2.61747974e-05 8.13335130e-05
  1.80540955e-05 9.29087132e-06 2.02535872e-05 1.61163782e-05
  6.50158645e-05 2.82409014e-04 3.40462457e-05 6.38861762e-06
  9.84573390e-06 5.68592750e-05 1.01747420e-04 1.05416998e-05
  4.09024692e-06 2.06816648e-05 1.05078396e-04 4.50573141e-05
  6.02223131e-05 3.02797013e-07 3.36496977e-05 1.05713861e-05
  1.50430180e-05 3.73488467e-05 8.41133387e-06]]